Screen,Match,Interview,Receive Offers,Total Time
2.34375,0.0000234375,2.9625,9.38125,5.306273438
4.6875,0.000046875,5.925,18.7625,10.61254688
9.375,0.00009375,11.85,37.525,21.22509375
18.75,0.0001875,23.7,75.05,42.4501875
37.5,0.000375,47.4,150.1,84.900375
75,0.00075,94.8,300.2,169.80075
150,0.0015,189.6,600.4,339.6015
300,0.003,379.2,1200.8,679.203
600,0.006,758.4,2401.6,1358.406