Candidates,Screened,Matched,Interviewed
62.5,31.25,9.875,9.38125
125,62.5,19.75,18.7625
250,125,39.5,37.525
500,250,79,75.05
1000,500,158,150.1
2000,1000,316,300.2
4000,2000,632,600.4
8000,4000,1264,1200.8
16000,8000,2528,2401.6