Screen,Interview,Match,Receive Offers,Total Time
15.625,31.25,22.265625,21.15234375,69.140625
31.25,62.5,44.53125,42.3046875,138.28125
62.5,125,89.0625,84.609375,276.5625
125,250,178.125,169.21875,553.125
250,500,356.25,338.4375,1106.25
500,1000,712.5,676.875,2212.5
1000,2000,1425,1353.75,4425
2000,4000,2850,2707.5,8850
4000,8000,5700,5415,17700