Candidates,Screened,Interviewed,Matched
62.5,31.25,29.6875,9.38125
125,62.5,59.375,18.7625
250,125,118.75,37.525
500,250,237.5,75.05
1000,500,475,150.1
2000,1000,950,300.2
4000,2000,1900,600.4
8000,4000,3800,1200.8
16000,8000,7600,2401.6